$$RAINBOW1,108,15:02:32,51.463128,-0.06815,-
61,3.5,10.1,273,20,30.47,13.4,1020.6,56.4,1,0*0371
$$RAINBOW1,109,15:02:52,51.463128,-0.06815,-
60.8,3.5,10.1,273,20,30.54,13.4,1020.6,56.4,2,0*E463
$$RAINBOW1,110,15:03:11,51.463128,-0.06815,-
60.3,3.5,10.1,273,20,30.65,13.4,1020.5,56.4,3,0*5963
$$RAINBOW1,111,15:03:31,51.463128,-0.06815,-
60.3,3.5,10.1,273,20,30.65,13.4,1020.5,56.4,3,0*8313
$$RAINBOW1,112,15:03:50,51.463128,-0.06815,-
60.6,3.5,10.1,273,20,30.72,13.4,1020.6,56.4,4,0*8004
$$RAINBOW1,113,15:04:10,51.463128,-0.06815,-
60.8,3.5,10.1,273,20,30.8,13.4,1020.6,56.4,5,0*FE02
$$RAINBOW1,114,15:04:29,51.463128,-0.06815,-
60.8,3.5,10.1,273,20,30.8,13.4,1020.6,56.4,5,0*D7F1
$$RAINBOW1,1,15:08:02,51.463128,-0.06815,-
59.8,3.5,10.1,273,20,31.2,13.4,1020.5,56.4,12,0*69C3
$$RAINBOW1,2,15:08:21,51.463128,-0.06815,-
60.4,3.5,10.1,273,20,31.24,13.4,1020.5,56.4,13,0*5EDD
$$RAINBOW1,3,15:08:40,51.463128,-0.06815,-
59.8,3.5,10.1,273,20,31.29,13.4,1020.5,56.4,14,0*7672
